请输入数组各元素,以-999999结束(不含-999999最多2000个数)
数组的内容为
21358 11088 1678 29883 15351 31840 26658 32012 21462 -31351 14902 -28523 2046 10024 -8202 
17928 18712 17759 10446 26277 28671 25047 7210 21274 -29251 11170 5814 -10706 26282 -7332 
30338 30284 22954 -29208 6032 20891 29168 29962 24661 21222 25821 4827 -7740 -20457 15107 
17857 -12835 28018 25772 19780 3291 32740 7764 14018 -31660 15288 9514 13804 -17615 13815 
15251 19783 -5106 13505 -32167 18091 14008 20426 1458 31687 10550 24792 24756 -28316 29303 
-17478 -21218 12797 20729 27011 27683 8725 14125 13203 27795 27873 6139 10637 30979 27314 
-828 30492 8054 18092 4671 15614 11174 30538 9285 -12680 19326 1752 27396 -4384 925 
11255 18215 24258 29657 -12828 29900 -29820 27578 12817 2053 25585 20219 6771 14680 9945 
18956 2099 -575 8064 22163 28437 2473 26947 4070 4660 24695 30998 22418 19579 3583 
3584 18904 -10541 27789 29085 -554 19551 -21981 2203 12211 11129 8098 -13118 31180 5561 
26626 32221 13447 3247 12823 -8547 25896 -27841 21104 21454 5799 -26025 11150 26803 32304 
17138 14952 16824 28579 1151 29415 3864 8725 18181 27755 -24611 17484 -31884 24132 955 
24903 29937 27705 14552 5300 13926 17157 12037 -3959 9713 1237 22241 27690 -32745 1483 
671 21399 8317 22654 22150 28992 7212 10871 2418 14296 10318 28854 30033 30151 21385 
25643 30631 14762 3677 20030 -8714 1745 921 9543 15014 22975 16611 30998 3259 31917 
12085 12141 2330 11272 23386 4225 13996 2798 3701 9085 29419 -26549 13946 23294 615 
20580 7859 4504 28994 -30519 30780 22095 17332 26400 12935 2335 30343 2113 -9177 18293 
-20380 29810 459 10420 32357 7105 10699 19121 3177 14573 -14744 11831 7619 5611 30665 
25476 -419 8289 3143 1738 4812 20014 -2254 3246 -26644 20960 16752 -24268 21735 7995 
29970 18482 14788 16313 17902 -12768 9407 30468 527 -12111 16893 14206 15319 23271 7227 
26298 12924 647 11591 29184 2695 9217 16005 13005 22100 14747 6508 9041 28309 -22159 
-2055 25327 6863 5003 9588 2752 2523 19250 32360 21008 6758 9882 425 736 29553 
31180 16530 15970 27858 28743 32659 4480 18354 2429 5806 22870 14093 -25940 8699 30643 
14389 24742 549 22428 15182 -450 -11499 16841 7123 13545 19872 294 26896 -22738 13740 
22355 32423 6950 7432 -16676 -27916 -9476 12997 -2850 12808 6014 32134 -13832 16697 22555 
3074 -11079 23696 11603 30083 16770 15569 11030 10857 -4371 2583 -28485 5288 -6276 -9294 
11831 2118 12567 15287 3894 990 21311 14696 22783 16671 11044 30665 -28229 5453 32035 
19224 6703 8639 23116 23014 11477 21600 9442 17816 26567 -14383 25822 8934 -14983 5567 
27756 -16991 -20234 25527 19565 18659 26170 1874 -6387 6184 1143 25824 32200 1846 -28177 
16452 8936 27371 -29648 28020 24834 28279 3949 20732 17915 -15329 20502 12412 -26987 29824 
5869 21285 4381 31107 9097 29247 9619 1130 28788 31142 30337 3979 24492 6217 20301 
-3726 14115 8362 23445 30449 27966 14688 23465 6276 17753 23960 10509 17902 15426 11664 
2808 19750 17593 3866 23256 16379 21495 7711 30923 -3213 -15908 27929 4135 26065 25310 
5528 11252 31761 10681 6335 7020 1386 20154 4036 9858 5708 -32475 11379 -4696 18941 
-17547 2475 30151 15127 17450 19423 24027 19461 18577 4502 16981 16266 8072 13292 18983 
8507 17998 22287 24571 32255 26133 -19139 -5805 27798 8323 15070 24012 26127 11314 12237 
1565 28241 16689 24333 5656 3219 21889 19379 28264 -5091 10648 14053 15983 15267 9442 
24670 -18624 -2055 571 5869 -30628 665 19574 6390 16790 17078 10969 17648 24007 17934 
32159 -6630 18587 6439 19060 2039 6185 20442 30973 4310 8382 -19925 24397 14410 -26971 
24343 7793 17583 28723 8311 20197 20339 16174 14366 32028 9625 20585 24072 30205 30778 
17075 13448 25440 -23807 24082 28865 14485 7848 26684 21293 28381 23944 18718 28697 4591 
7 32600 18471 -7285 29471 25791 12491 9356 15071 17114 3278 22600 21227 -14181 21710 
18989 24314 -26833 28605 3511 11095 2754 23390 -9171 32096 12944 9419 14180 -13322 31686 
12529 10687 -14427 31910 21777 28463 15854 2724 16193 15217 21363 20198 12010 32313 17196 
10954 32072 -12203 17266 27744 30189 -27875 30510 21228 32574 25710 -15968 25445 -4852 4815 
22171 3320 1692 20219 19334 7558 9239 9949 14173 1570 4635 3027 -21358 28564 3248 
-20271 22685 7897 28084 -28343 12256 10656 -1368 12581 -29380 31438 17057 4775 15334 9979 
11240 352 18299 4339 10074 27109 25545 -24119 4984 5057 -12715 15225 12184 19954 -13584 
28963 21602 27498 -13693 18385 31828 3983 28295 15570 7231 19131 4185 1706 19400 1725 
4148 -27027 15847 17238 18666 23544 2411 8892 27490 31481 16757 -17947 -16152 20202 -24056 
31247 12954 24531 29759 13099 15372 6642 16231 -23157 2468 -564 30945 27111 558 15040 
242 -22768 5514 22380 22322 22769 23849 581 25360 25025 3219 28684 3148 3625 12772 
9396 9084 18536 17995 2021 6792 -18096 3722 18812 3374 22440 19321 5640 6526 32488 
14978 -6990 -2143 24960 26150 23750 17928 625 18039 22556 10888 20274 12700 31153 4671 
-31789 -7248 24855 -18019 -12607 10851 30104 13692 1595 3895 19119 31719 -20328 15941 21645 
15447 14847 27542 27798 18511 14510 23626 -9698 6314 16407 1812 -29117 5651 21329 1211 
5158 12685 -24678 -20635 -26707 19693 27859 22818 29996 29530 4620 24660 20940 25044 18933 
-11336 23044 -24490 2922 1960 13015 26371 14008 4661 7935 7510 21026 24896 9062 7154 
5725 28722 31661 2167 19220 24837 24233 32090 29541 3273 -4833 16997 19041 25632 21266 
21812 3984 8130 -683 16825 -9067 -16634 12882 -19130 29664 25127 29789 25166 14546 22332 
-345 29283 150 7744 11398 30011 3191 -8143 10328 24042 32051 16279 -6904 20698 20348 
15579 705 11335 10360 25332 27332 24772 29249 2507 28485 6580 18534 26208 4668 13777 
13416 11079 24532 4008 14909 31013 25327 5659 13520 -7991 -27040 13534 639 -11212 -6576 
3323 412 19654 21786 32078 23789 29 -28302 31497 10285 5211 11762 -14897 19592 31009 
-9436 9759 17698 24481 21274 10753 11153 11042 6954 18774 5214 12671 1730 2165 15240 
19368 23369 9479 258 13856 32348 7816 -13616 16765 10826 3786 13677 21227 29336 21106 
-22664 13481 6270 377 11074 13962 12136 14252 31954 7798 4470 11564 15201 26854 9212 
7919 8335 22892 27651 1854 11756 23337 29383 9781 31103 12628 31287 -23110 19011 30650 
375 -18614 -1189 29496 6497 22046 26375 12867 2304 28395 -5696 32097 16915 8158 31258 
6061 9616 32397 27090 20311 6175 25056 -10396 24097 26267 27285 12828 6627 31380 23485 
22254 29960 24272 17213 -10527 20239 5061 29262 14514 5387 13344 -17917 8220 12835 -26946 
16299 24776 20499 12222 -28046 3987 26537 27612 -9006 20817 -8520 19992 -489 10055 1385 
1956 20848 2991 32021 20194 10311 -24119 8812 13291 25673 8321 24866 17675 29474 677 
26365 834 -27347 16299 25688 -9924 29234 18961 7330 13178 31079 -18507 18143 23935 17008 
-24894 15910 15780 14749 22724 546 21997 7701 31788 1937 26129 -31312 24246 22728 4094 
27802 26139 -1581 19539 16278 9987 26300 12004 -21177 4493 10371 31545 -21195 28107 12581 
2319 17002 10307 20058 30934 21126 28271 13934 14385 -2790 6974 22718 22137 17057 -29585 
32318 10555 26790 12990 14837 16565 7221 26384 -10623 -11357 5475 -7750 -1419 3930 -23962 
-25104 602 1288 22551 1173 70 21881 6763 15599 3129 -31215 -5370 5037 12337 29027 
2942 8016 5059 25856 23941 4303 27797 7337 7919 4115 16098 -17263 113 26747 28154 
31772 2069 1370 7359 17835 6584 15988 24105 12237 20362 -29829 13763 24421 8849 32185 
26668 25357 25383 -25141 7063 22416 375 26765 18507 23661 9732 29259 -31012 22618 6690 
10351 23568 3519 123 30697 8851 32567 23947 24096 12867 9234 28709 -1391 9549 27862 
23020 12707 6894 -6073 6106 31871 22522 21800 19133 -25144 14169 15427 20404 7672 27269 
3935 -10422 22111 2574 20611 13580 6654 30230 9708 14803 11226 -1749 -3721 14971 8175 
3349 26239 8522 18346 -8887 15270 14297 -28270 19245 29194 28565 26128 25598 -14443 31296 
25435 25925 19645 12910 10893 29234 4265 21513 3031 14728 28170 -1229 12257 9757 2929 
11468 13380 24413 20641 7915 -6158 -6600 15124 4451 30786 14191 629 26177 7254 -14458 
3363 17383 21171 31653 13492 32137 -7480 20158 23152 19376 11702 20265 19409 21690 12917 
6749 30474 1368 29358 20069 28541 14607 15120 23135 16963 12984 6716 7936 6825 25856 
27976 -24334 13997 2793 15424 32740 11141 4167 26272 6642 31256 19011 8155 -22842 29570 
32731 -15319 11732 28052 16992 19310 19563 18258 5623 2287 32446 -15732 27161 5275 17440 
3814 25107 296 16889 29000 28038 12354 1090 21870 12520 32517 3596 31713 15873 -17028 
14842 22876 -7279 5190 27331 19280 8739 28355 2993 7265 7138 6635 24868 -22758 -17861 
26527 -10512 29549 5049 16438 2939 14644 18943 32505 -23296 5809 26029 7848 9550 11276 
21803 13811 5033 -12703 183 -17409 -7016 11389 8929 -19693 32374 29416 28944 -17988 7122 
217 5116 21384 4111 7293 28722 21168 9684 19122 -16019 14502 5724 5005 29908 15816 
6647 5847 32255 23143 18568 28812 
调整后数组的内容为
23143 4111 8929 21803 26029 2939 16889 2287 5623 13997 
16963 28541 12917 17383 26177 4451 20641 24413 20611 22111 
15427 30697 25357 8849 24421 13763 2069 113 7919 5059 
29027 6763 21881 4493 21997 18143 31079 677 25673 13291 
5387 26267 24097 9781 29383 7919 21227 9479 23369 12671 
10753 24481 29 23789 3323 5659 31013 32051 3191 30011 
29789 25127 26371 5651 31153 22769 16231 13099 29759 31247 
31481 2411 27109 4339 14173 9949 9239 20219 22171 15217 
16193 28463 10687 9419 3511 21227 12491 7 4591 28697 
8311 28723 7793 2039 18587 32159 24007 5869 571 19379 
24571 16981 19423 30449 6217 9619 5869 28279 6703 22783 
15287 11831 15569 32423 14389 30643 8699 5003 6863 28309 
9041 14747 647 15319 11831 19121 2113 3701 3259 3677 
30631 25643 8317 1483 1237 12037 18181 1151 28579 12823 
12211 2203 3583 26947 2473 2099 20219 2053 27011 29303 
31687 15107 21358 11088 1678 29883 15351 31840 26658 32012 
21462 -31351 14902 -28523 2046 10024 -8202 17928 18712 17759 
10446 26277 28671 25047 7210 21274 -29251 11170 5814 -10706 
26282 -7332 30338 30284 22954 -29208 6032 20891 29168 29962 
24661 21222 25821 4827 -7740 -20457 17857 -12835 28018 25772 
19780 3291 32740 7764 14018 -31660 15288 9514 13804 -17615 
13815 15251 19783 -5106 13505 -32167 18091 14008 20426 1458 
10550 24792 24756 -28316 -17478 -21218 12797 20729 27683 8725 
14125 13203 27795 27873 6139 10637 30979 27314 -828 30492 
8054 18092 4671 15614 11174 30538 9285 -12680 19326 1752 
27396 -4384 925 11255 18215 24258 29657 -12828 29900 -29820 
27578 12817 25585 6771 14680 9945 18956 -575 8064 22163 
28437 4070 4660 24695 30998 22418 19579 3584 18904 -10541 
27789 29085 -554 19551 -21981 11129 8098 -13118 31180 5561 
26626 32221 13447 3247 -8547 25896 -27841 21104 21454 5799 
-26025 11150 26803 32304 17138 14952 16824 29415 3864 8725 
27755 -24611 17484 -31884 24132 955 24903 29937 27705 14552 
5300 13926 17157 -3959 9713 22241 27690 -32745 671 21399 
22654 22150 28992 7212 10871 2418 14296 10318 28854 30033 
30151 21385 14762 20030 -8714 1745 921 9543 15014 22975 
16611 30998 31917 12085 12141 2330 11272 23386 4225 13996 
2798 9085 29419 -26549 13946 23294 615 20580 7859 4504 
28994 -30519 30780 22095 17332 26400 12935 2335 30343 -9177 
18293 -20380 29810 459 10420 32357 7105 10699 3177 14573 
-14744 7619 5611 30665 25476 -419 8289 3143 1738 4812 
20014 -2254 3246 -26644 20960 16752 -24268 21735 7995 29970 
18482 14788 16313 17902 -12768 9407 30468 527 -12111 16893 
14206 23271 7227 26298 12924 11591 29184 2695 9217 16005 
13005 22100 6508 -22159 -2055 25327 9588 2752 2523 19250 
32360 21008 6758 9882 425 736 29553 31180 16530 15970 
27858 28743 32659 4480 18354 2429 5806 22870 14093 -25940 
24742 549 22428 15182 -450 -11499 16841 7123 13545 19872 
294 26896 -22738 13740 22355 6950 7432 -16676 -27916 -9476 
12997 -2850 12808 6014 32134 -13832 16697 22555 3074 -11079 
23696 11603 30083 16770 11030 10857 -4371 2583 -28485 5288 
-6276 -9294 2118 12567 3894 990 21311 14696 16671 11044 
30665 -28229 5453 32035 19224 8639 23116 23014 11477 21600 
9442 17816 26567 -14383 25822 8934 -14983 5567 27756 -16991 
-20234 25527 19565 18659 26170 1874 -6387 6184 1143 25824 
32200 1846 -28177 16452 8936 27371 -29648 28020 24834 3949 
20732 17915 -15329 20502 12412 -26987 29824 21285 4381 31107 
9097 29247 1130 28788 31142 30337 3979 24492 20301 -3726 
14115 8362 23445 27966 14688 23465 6276 17753 23960 10509 
17902 15426 11664 2808 19750 17593 3866 23256 16379 21495 
7711 30923 -3213 -15908 27929 4135 26065 25310 5528 11252 
31761 10681 6335 7020 1386 20154 4036 9858 5708 -32475 
11379 -4696 18941 -17547 2475 30151 15127 17450 24027 19461 
18577 4502 16266 8072 13292 18983 8507 17998 22287 32255 
26133 -19139 -5805 27798 8323 15070 24012 26127 11314 12237 
1565 28241 16689 24333 5656 3219 21889 28264 -5091 10648 
14053 15983 15267 9442 24670 -18624 -2055 -30628 665 19574 
6390 16790 17078 10969 17648 17934 -6630 6439 19060 6185 
20442 30973 4310 8382 -19925 24397 14410 -26971 24343 17583 
20197 20339 16174 14366 32028 9625 20585 24072 30205 30778 
17075 13448 25440 -23807 24082 28865 14485 7848 26684 21293 
28381 23944 18718 32600 18471 -7285 29471 25791 9356 15071 
17114 3278 22600 -14181 21710 18989 24314 -26833 28605 11095 
2754 23390 -9171 32096 12944 14180 -13322 31686 12529 -14427 
31910 21777 15854 2724 21363 20198 12010 32313 17196 10954 
32072 -12203 17266 27744 30189 -27875 30510 21228 32574 25710 
-15968 25445 -4852 4815 3320 1692 19334 7558 1570 4635 
3027 -21358 28564 3248 -20271 22685 7897 28084 -28343 12256 
10656 -1368 12581 -29380 31438 17057 4775 15334 9979 11240 
352 18299 10074 25545 -24119 4984 5057 -12715 15225 12184 
19954 -13584 28963 21602 27498 -13693 18385 31828 3983 28295 
15570 7231 19131 4185 1706 19400 1725 4148 -27027 15847 
17238 18666 23544 8892 27490 16757 -17947 -16152 20202 -24056 
12954 24531 15372 6642 -23157 2468 -564 30945 27111 558 
15040 242 -22768 5514 22380 22322 23849 581 25360 25025 
3219 28684 3148 3625 12772 9396 9084 18536 17995 2021 
6792 -18096 3722 18812 3374 22440 19321 5640 6526 32488 
14978 -6990 -2143 24960 26150 23750 17928 625 18039 22556 
10888 20274 12700 4671 -31789 -7248 24855 -18019 -12607 10851 
30104 13692 1595 3895 19119 31719 -20328 15941 21645 15447 
14847 27542 27798 18511 14510 23626 -9698 6314 16407 1812 
-29117 21329 1211 5158 12685 -24678 -20635 -26707 19693 27859 
22818 29996 29530 4620 24660 20940 25044 18933 -11336 23044 
-24490 2922 1960 13015 14008 4661 7935 7510 21026 24896 
9062 7154 5725 28722 31661 2167 19220 24837 24233 32090 
29541 3273 -4833 16997 19041 25632 21266 21812 3984 8130 
-683 16825 -9067 -16634 12882 -19130 29664 25166 14546 22332 
-345 29283 150 7744 11398 -8143 10328 24042 16279 -6904 
20698 20348 15579 705 11335 10360 25332 27332 24772 29249 
2507 28485 6580 18534 26208 4668 13777 13416 11079 24532 
4008 14909 25327 13520 -7991 -27040 13534 639 -11212 -6576 
412 19654 21786 32078 -28302 31497 10285 5211 11762 -14897 
19592 31009 -9436 9759 17698 21274 11153 11042 6954 18774 
5214 1730 2165 15240 19368 258 13856 32348 7816 -13616 
16765 10826 3786 13677 29336 21106 -22664 13481 6270 377 
11074 13962 12136 14252 31954 7798 4470 11564 15201 26854 
9212 8335 22892 27651 1854 11756 23337 31103 12628 31287 
-23110 19011 30650 375 -18614 -1189 29496 6497 22046 26375 
12867 2304 28395 -5696 32097 16915 8158 31258 6061 9616 
32397 27090 20311 6175 25056 -10396 27285 12828 6627 31380 
23485 22254 29960 24272 17213 -10527 20239 5061 29262 14514 
13344 -17917 8220 12835 -26946 16299 24776 20499 12222 -28046 
3987 26537 27612 -9006 20817 -8520 19992 -489 10055 1385 
1956 20848 2991 32021 20194 10311 -24119 8812 8321 24866 
17675 29474 26365 834 -27347 16299 25688 -9924 29234 18961 
7330 13178 -18507 23935 17008 -24894 15910 15780 14749 22724 
546 7701 31788 1937 26129 -31312 24246 22728 4094 27802 
26139 -1581 19539 16278 9987 26300 12004 -21177 10371 31545 
-21195 28107 12581 2319 17002 10307 20058 30934 21126 28271 
13934 14385 -2790 6974 22718 22137 17057 -29585 32318 10555 
26790 12990 14837 16565 7221 26384 -10623 -11357 5475 -7750 
-1419 3930 -23962 -25104 602 1288 22551 1173 70 15599 
3129 -31215 -5370 5037 12337 2942 8016 25856 23941 4303 
27797 7337 4115 16098 -17263 26747 28154 31772 1370 7359 
17835 6584 15988 24105 12237 20362 -29829 32185 26668 25383 
-25141 7063 22416 375 26765 18507 23661 9732 29259 -31012 
22618 6690 10351 23568 3519 123 8851 32567 23947 24096 
12867 9234 28709 -1391 9549 27862 23020 12707 6894 -6073 
6106 31871 22522 21800 19133 -25144 14169 20404 7672 27269 
3935 -10422 2574 13580 6654 30230 9708 14803 11226 -1749 
-3721 14971 8175 3349 26239 8522 18346 -8887 15270 14297 
-28270 19245 29194 28565 26128 25598 -14443 31296 25435 25925 
19645 12910 10893 29234 4265 21513 3031 14728 28170 -1229 
12257 9757 2929 11468 13380 7915 -6158 -6600 15124 30786 
14191 629 7254 -14458 3363 21171 31653 13492 32137 -7480 
20158 23152 19376 11702 20265 19409 21690 6749 30474 1368 
29358 20069 14607 15120 23135 12984 6716 7936 6825 25856 
27976 -24334 2793 15424 32740 11141 4167 26272 6642 31256 
19011 8155 -22842 29570 32731 -15319 11732 28052 16992 19310 
19563 18258 32446 -15732 27161 5275 17440 3814 25107 296 
29000 28038 12354 1090 21870 12520 32517 3596 31713 15873 
-17028 14842 22876 -7279 5190 27331 19280 8739 28355 2993 
7265 7138 6635 24868 -22758 -17861 26527 -10512 29549 5049 
16438 14644 18943 32505 -23296 5809 7848 9550 11276 13811 
5033 -12703 183 -17409 -7016 11389 -19693 32374 29416 28944 
-17988 7122 217 5116 21384 7293 28722 21168 9684 19122 
-16019 14502 5724 5005 29908 15816 6647 5847 32255 18568 
28812 
